69 51
20 100
18 6
86 26
59 49
89 60
99 3
42 47
83 19
71 51
43 64
69 24
25 97
61 8
47 20
22 7
82 46
53 9
84 65
87 8
73 43
80 11
42 10
11 71
33 57
26 3
15 65
69 55
84 55
66 8
75 85
82 54
99 69
80 36
85 51
74 16
42 21
15 93
91 99
27 62
69 54
3 62
53 85
49 94
77 21
87 83
94 38
99 22
52 31
66 55
36 36
31 92
8 15
52 82
55 40
5 71
83 34
22 67
55 14
97 54
96 33
34 21
37 94
18 57
77 41
66 53
29 51
96 27
14 92
38 58
99 68
70 71
48 100
66 1
62 13
63 66
3 11
48 96
60 12
10 71
97 90
15 70
25 61
1 15
60 92
34 99
59 52
87 46
86 35
83 18
42 87
49 22
41 49
88 50
86 29
81 45
62 13
96 10
37 76
98 3
99 60
35 69
71 70
76 45
52 64
83 16
92 18
3 69
63 37
40 79
83 71
69 52
19 91
38 14
78 14
73 4
51 40
88 19
98 92
95 87
85 84
21 80
5 77
77 29
82 73
4 84
2 98
42 12
42 63
4 49
61 29
99 92
91 32
86 62
48 80
91 3
64 71
85 31
93 50
44 71
12 65
3 20
44 18
30 97
14 61
72 34
56 24
78 34
22 36
96 56
33 13
84 32
74 40
24 48
83 28
93 70
79 75
32 96
19 26
3 12
7 82
49 95
43 38
6 48
30 12
17 77
55 33
61 10
31 67
96 22
39 13
65 7
54 82
9 97
84 33
67 41
95 75
96 98
90 93
100 55
61 89
62 93
70 80
18 37
14 7
79 12
20 5
23 15
82 78
47 92
37 33
13 56
89 45
20 46
44 76
10 91
50 26
64 17
6 87
57 8
40 32
88 6
50 5
81 51
42 33
17 16
6 1
84 79
99 59
63 93
18 39
27 10
41 77
68 15
33 17
80 24
40 58
9 83
65 41
5 44
48 45
30 21
88 39
73 48
64 73
40 49
15 94
98 65
79 46
11 51
56 9
1 58
49 92
69 100
68 100
14 24
94 36
52 52
30 32
88 70
86 91
57 20
43 43
46 97
5 8
61 4
60 78
41 22
82 43
18 75
27 49
89 8
85 99
35 41
54 89
89 21
62 78
83 79
82 61
22 25
39 49
69 2
46 96
86 16
65 56
37 88
46 54
39 46
76 25
19 12
53 17
22 21
41 62
95 97
11 89
57 34
92 8
93 79
84 20
30 69
15 59
55 15
33 36
71 99
57 76
49 73
20 92
14 94
28 15
3 45
52 46
76 81
43 90
89 96
89 49
61 50
25 35
45 33
91 83
64 51
4 4
16 23
37 25
35 89
80 46
76 97
23 76
71 20
60 10
69 58
51 91
49 9
27 75
7 4
81 26
3 100
62 63
51 11
64 31
10 49
66 39
82 19
92 55
88 96
57 74
58 13
41 20
94 40
80 50
9 14
5 89
72 97
100 88
46 81
52 5
41 46
5 98
100 78
71 79
91 83
38 5
92 57
50 49
62 33
12 33
15 3
85 55
34 58
24 76
43 11
40 77
46 34
32 51
95 78
15 100
96 51
68 94
78 8
47 96
79 53
90 96
93 29
69 2
34 38
99 72
84 81
74 46
32 10
21 21
55 50
99 22
47 67
72 69
79 68
18 8
60 76
97 56
41 42
3 52
87 69
30 77
45 87
65 4
57 99
48 89
99 77
15 39
27 30
72 73
29 10
18 59
60 81
21 14
24 67
71 7
53 51
83 73
12 27
39 94
6 55
2 92
5 29
45 9
78 27
24 43
77 49
19 26
91 97
69 89
61 25
21 91
56 86
83 66
36 25
50 16
51 1
37 48
26 74
83 51
73 3
67 96
25 8
14 54
55 29
52 15
92 51
82 20
98 56
77 62
63 97
96 33
99 41
10 1
61 11
61 71
28 34
8 94
49 28
39 20
60 96
50 26
93 32
46 53
59 78
74 34
66 79
87 43
50 48
70 44
94 54
84 99
82 50
85 21
82 94
4 59
43 74
33 5
49 76
19 97
73 22
97 69
95 68
42 16
89 94
75 49
59 94
100 67
76 11
46 68
44 68
5 63
30 49
92 75
75 69
59 74
7 87
64 20
69 92
27 62
93 53
2 20
87 52
50 75
93 55
55 22
60 93
90 73
82 44
68 39
25 19
99 92
68 14
5 52
26 89
64 35
80 36
10 42
84 60
38 84
93 60
86 95
34 31
98 42
63 31
37 92
57 90
36 83
12 5
81 94
4 46
8 9
42 50
23 33
83 53
91 21
78 91
14 92
16 45
60 18
67 86
13 96
79 27
47 68
20 13
39 27
48 99
72 12
7 13
48 24
37 99
9 64
46 14
43 9
80 62
89 52
9 66
60 7
73 80
30 98
62 59
98 84
87 90
96 14
95 71
25 60
28 13
90 82
38 25
28 70
4 19
35 85
99 100
46 56
65 81
32 41
73 75
35 66
96 28
21 19
6 94
72 83
51 85
5 14
57 34
47 87
41 92
88 16
36 8
59 39
61 17
48 89
29 25
15 36
17 30
49 2
41 5
95 96
31 42
87 90
26 81
53 24
97 58
13 76
95 72
94 47
56 4
53 69
59 48
52 77
45 52
28 92
2 54
15 75
10 52
81 24
82 76
63 100
62 60
69 92
99 24
96 37
44 49
65 38
97 43
98 79
18 90
10 46
51 68
39 48
83 78
41 25
92 74
36 18
48 66
49 28
62 39
86 32
4 82
2 40
12 56
79 61
9 47
96 75
7 2
12 79
20 16
96 92
80 37
24 37
64 65
22 21
92 73
92 48
86 63
84 21
9 91
31 94
60 39
10 43
28 53
85 1
92 23
35 91
96 64
86 28
44 68
87 12
59 54
80 81
19 19
25 1
57 51
99 42
31 99
21 73
17 82
44 69
68 36
61 2
97 78
31 29
1 16
33 1
30 85
6 61
80 11
71 45
1 66
19 55
88 76
93 54
23 34
27 21
64 26
29 32
71 13
63 43
45 63
12 13
49 56
75 16
23 51
72 88
77 78
40 78
62 14
25 9
85 54
10 96
22 58
94 56
50 87
52 61
92 56
96 89
67 81
38 93
75 85
43 93
8 91
24 98
82 59
82 88
52 28
87 54
84 58
4 60
57 77
60 50
62 99
62 13
71 59
91 92
21 28
87 71
91 16
69 47
3 10
9 4
16 97
22 50
22 64
28 64
40 76
5 78
91 29
66 43
65 61
71 32
99 40
83 75
24 77
88 39
79 21
37 53
9 97
86 74
66 69
39 57
31 45
44 15
38 82
71 24
92 39
63 91
6 79
37 96
24 56
80 97
80 1
86 14
2 24
55 44
52 46
41 75
93 29
41 100
58 8
36 58
29 70
64 27
26 37
61 17
37 27
25 59
32 82
44 72
55 34
19 45
17 54
9 70
71 64
60 85
17 30
20 44
33 6
7 39
19 53
30 2
25 75
9 85
80 34
84 39
42 80
76 34
75 61
67 63
32 98
48 70
1 11
75 23
57 50
62 67
13 19
55 83
21 33
12 50
14 65
70 47
99 20
15 91
57 21
27 53
88 12
79 48
82 68
48 60
79 70
73 88
88 84
63 5
47 35
45 13
58 89
36 84
78 49
78 47
23 95
44 48
70 58
57 50
76 86
40 94
6 24
43 72
86 98
14 62
44 11
30 92
52 89
34 42
13 69
36 77
68 31
38 33
16 56
52 10
38 64
88 82
76 36
56 37
65 37
48 20
63 100
4 59
45 16
82 66
89 43
21 87
87 23
91 19
26 33
5 34
2 71
8 64
10 47
6 78
70 63
16 96
40 60
27 96
16 65
47 23
3 62
73 72
39 74
75 47
4 28
50 34
55 60
25 11
71 38
8 46
92 48
84 57
84 10
52 77
67 18
50 76
56 32
19 74
2 60
20 88
21 55
58 78
22 56
46 42
2 89
49 12
65 84
82 76
60 90
100 51
100 56
82 88
6 31
42 64
30 40
47 32
46 62
50 26
47 54
79 29
89 47
23 64
57 6
17 66
80 67
2 74
49 26
2 46
61 87
54 18
10 51
57 34
63 88
54 7
91 82
87 53
29 100
100 81
38 87
40 97
36 56
92 47
51 53
78 32
79 40
96 43
53 15
31 6
47 52
76 77
56 32
90 54
9 69
30 92
1 65
87 59
58 76
2 36
36 24
99 35
22 69
9 68
10 20
22 53
31 4
38 51
29 79
38 68
63 84
49 12
39 80
29 91
18 66
21 30
57 65
74 42
85 67
85 53
25 34
64 23
86 13
62 17
65 21
5 86
95 97
16 7
99 12
30 29
31 59
91 44
50 31
83 91
29 63
48 52
66 90
87 65
81 73
31 73
53 37
55 47
95 75
64 17
27 1
46 37
20 60
94 82
9 46
28 14
66 19
91 63
40 31
17 14
99 52
17 100
7 80
24 76
8 82
