57 65
6 55
38 3
59 79
37 1
9 21
34 12
97 86
25 3
52 88
12 9
58 91
42 41
72 20
71 98
79 29
35 63
13 85
34 32
1 44
25 40
91 81
24 36
43 72
74 55
95 45
36 32
16 96
53 63
93 95
43 16
25 80
58 69
30 49
42 99
46 31
98 75
39 4
18 54
31 39
70 71
8 65
44 29
61 73
66 65
35 33
38 56
76 32
98 63
25 16
76 95
68 4
43 48
36 96
51 68
57 6
64 58
39 15
80 76
60 32
70 45
85 66
18 7
37 94
32 64
28 23
48 93
23 24
71 49
37 79
76 24
93 27
80 56
13 1
90 24
90 24
19 18
10 85
4 5
26 59
71 51
92 27
74 6
31 97
22 54
17 48
50 79
97 56
22 10
31 29
17 9
6 32
75 54
27 27
61 9
76 61
50 2
17 37
26 35
34 19
46 43
94 93
50 16
63 87
17 41
58 74
20 77
96 17
8 94
44 51
18 31
3 30
92 75
28 6
43 45
53 87
49 47
13 50
4 60
3 70
27 96
65 20
22 58
57 57
32 42
78 33
20 44
26 96
73 86
13 34
62 44
53 96
97 99
60 92
98 20
29 82
73 53
91 58
87 74
6 68
25 32
91 14
25 24
96 29
93 52
38 29
71 86
61 15
75 35
13 46
68 24
83 47
18 95
99 75
20 17
19 80
17 75
39 87
70 76
46 24
81 14
41 24
46 58
35 53
61 77
17 46
50 69
8 15
55 56
28 55
95 42
52 88
86 65
20 86
89 41
28 4
42 27
32 59
42 51
90 31
44 86
36 52
9 66
32 10
89 85
55 79
67 62
88 46
97 9
77 7
99 5
61 97
65 20
5 92
22 50
36 55
25 40
67 89
12 9
46 80
334124 563956
865 534
678 782
682 840
358 404
485 378
233 655
530 460
807 774
41 785
842 257
624 221
439 973
900 514
357 843
281 723
66 979
426 410
966 463
883 504
305 102
157 18
619 433
388 985
869 606
749 636
428 524
623 333
831 725
818 111
632 241
158 539
567 301
402 981
622 538
985 426
77 598
357 357
331 712
446 313
338 132
463 786
934 72
13 284
819 158
849 181
426 970
852 314
956 420
609 211
13 843
498 847
124 280
738 162
787 920
818 311
557 98
246 659
977 570
7 593
828 936
865 816
694 861
696 764
559 395
946 85
906 933
78 536
176 795
827 308
210 840
284 564
342 22
279 444
607 34
478 468
260 617
55 905
828 316
351 670
777 317
597 868
364 312
499 258
675 282
831 602
433 363
686 323
541 48
244 878
806 613
579 820
303 87
46 244
836 346
596 162
753 421
916 503
302 448
140 850
937 622
943 21
178 96
400 931
236 789
238 233
974 33
443 663
261 803
374 265
431 927
739 752
333 662
179 403
219 193
322 577
38 399
228 563
624 8
886 49
390 907
222 533
408 361
363 557
625 155
4 953
646 303
144 785
273 550
499 371
959 999
527 366
416 282
399 500
964 623
879 822
297 954
635 946
219 131
715 933
973 748
558 800
876 466
81 520
372 439
904 808
514 733
528 973
746 339
31 196
642 238
478 878
721 437
951 209
939 949
26 659
864 659
553 743
645 301
841 516
718 133
875 874
283 673
44 489
308 348
135 326
179 534
735 121
458 278
781 890
404 295
663 290
397 634
756 525
956 845
817 619
35 532
269 351
535 194
333 256
440 373
741 699
872 518
152 350
731 342
759 219
712 3
34 616
197 60
589 741
69 354
967 202
843 204
451 659
981 341
64 207
891 134
104 394
986 11
218 265
572 253
320 415
303 952
209 502
34 871
949 401
241 735
939 738
149 209
733 557
759 113
684 264
401 989
174 187
975 854
404 999
192 5
279 287
609 463
737 862
733 165
38 744
432 379
291 856
25 657
843 27
212 312
945 421
880 98
926 400
788 814
378 86
843 564
536 434
459 990
482 514
436 962
631 805
967 262
587 372
829 665
337 764
143 378
61 379
506 639
342 150
902 598
274 623
205 79
169 289
13 931
70 50
494 355
755 997
711 401
130 935
896 450
662 212
398 82
743 778
638 918
292 351
85 703
258 582
434 837
179 728
468 742
290 430
201 737
415 994
588 921
990 272
942 666
149 314
926 74
578 690
9 106
707 986
653 775
78 698
667 603
372 123
780 353
272 823
558 678
185 878
616 426
539 206
280 715
842 936
268 267
769 177
158 190
610 587
615 196
891 811
773 718
159 257
882 548
825 666
834 554
297 892
169 157
988 773
47 674
281 281
537 276
175 787
567 758
16 226
166 666
769 887
793 690
364 163
281 404
205 484
87 600
921 267
62 72
614 964
225 577
706 776
286 106
46 950
27 184
112 752
938 210
405 91
358 839
676 559
79 509
642 640
256 435
493 777
9 963
96 158
27 314
421 128
788 621
460 690
97 389
572 401
826 585
679 897
1 416
65 226
744 62
376 206
283 907
804 405
914 385
623 839
154 749
937 844
380 747
852 815
643 727
372 922
220 789
33 963
632 674
18 586
855 225
770 257
522 944
597 704
377 828
416 585
719 719
597 881
568 860
841 654
957 60
814 6
87 903
565 984
721 202
910 924
718 649
448 27
468 256
832 320
158 248
32 391
18 733
408 6
319 661
342 489
171 108
493 168
426 368
21 251
131 447
116 196
847 692
469 396
599 593
255 744
244 370
715 900
161166 517301
7300 8281
8145 3624
1959 6528
683 20
317 495
8523 1691
7588 4288
2146 4087
6433 5086
2235 843
6876 765
9476 4125
8882 4951
5849 7716
5719 4789
1112 7254
8405 5548
7477 1232
5263 8598
1496 932
9271 2064
6743 9310
9472 788
8535 8182
9320 3822
1878 4438
3271 5716
762 1234
4814 3419
6562 5356
6774 6539
6461 2122
9720 6052
7307 3020
7751 3842
3194 5770
8577 1855
3471 5064
961 7534
8650 6243
6358 5900
5044 7595
262 3161
8429 7312
6998 6074
3086 6925
530 218
7730 8785
2243 9192
2341 8298
4938 1977
4183 2482
3257 1707
3701 5177
101 8673
5776 7261
3918 1781
2206 3697
2832 6452
4907 2696
3107 7375
118 9733
3397 7480
5795 3678
9913 566
3146 9726
356 1677
8443 8518
4675 8040
230 1123
2002 3304
3204 7745
8578 6904
3273 1525
4170 7293
1293 2202
8184 9446
4551 5041
8161 8640
8903 2
9246 6004
8136 3922
8900 5104
122 3694
8299 3733
2884 2907
5992 6686
2230 8242
1818 8821
3002 3129
4853 4066
2787 5246
4313 3106
600 3300
531 1084
2876 5288
892 5538
9596 3795
7060 9332
980491 414962
90593 65988
89142 33308
82141 12769
28394 92194
92901 42362
21089 86370
73359 79829
4969 31518
39150 89885
38922 20804
19706 68865
90333 81265
25391 95619
88444 977
93614 87125
55028 97561
81761 49872
8049 28266
72682 61020
77724 84682
47175 50190
58909 48682
76696 81443
35457 12597
47355 63265
84975 23745
93536 64273
9456 40431
39325 33977
66278 86776
19889 96167
5808 78886
69848 58377
63176 1437
63324 40376
34836 28188
17947 15700
99708 1222
10172 35515
46470 6209
69751 91974
32653 61377
46255 48950
42062 15485
76420 61452
73467 88962
67536 52111
51622 4274
21710 99280
65742 39995
51416 55088
34116 7660
622 89414
18774 41946
42996 820
38416 51657
30609 48041
34418 55329
78400 75869
89165 57904
51209 38745
66766 42703
25229 98599
45653 95707
84529 40198
15667 87437
18501 51657
67334 61244
55619 79929
23214 98911
44486 42384
22118 30465
38793 45807
2384 3838
52945 72007
46893 75466
90101 32145
51502 25054
12828 14154
3299 79692
6197 3721
97862 16582
94818 32429
31044 31273
51789 6159
94124 52481
7066 83610
10027 51676
72417 65457
84672 71369
43194 89686
56767 6514
49686 13770
20149 20612
81881 9576
82738 30738
68079 63477
38232 49894
15483 90566
34785 65926
37750 50873
51887 41469
23119 49321
76816 38199
20402 99256
33898 43449
49998 90482
21398 17648
59238 56271
58090 86132
86199 4545
4627 63228
14656 66065
61873 18112
41457 708
59803 97548
15987 96508
10384 57851
60429 53354
35596 73014
18607 47835
389 3475
32396 5140
19626 93633
95400 52137
62650 18059
87276 52662
83131 32782
42155 35354
62476 34696
55682 62651
81418 94135
95433 95373
75201 78838
63939 23178
68922 8037
65466 37957
67256 77962
48277 33650
5253 48561
45804 72198
83978 64059
66351 49566
18247 44275
27913 84509
80122 86744
14801 64874
91259 53746
1800 82435
61375 82796
53385 72513
34115 67116
36163 49676
37408 11278
70116 71248
11933 37232
68229 42010
73085 32448
93535 63826
81498 38075
2794 57065
8340 52531
10141 26162
18673 22931
39727 10342
95740 77159
84787 80438
91632 20771
87058 19468
17422 77976
41496 67498
82310 96337
78137 98911
43554 56208
3451 93997
4609 75016
29248 30732
62624 31898
81607 58624
81160 23481
87248 42801
4264 91136
83537 59891
92900 99320
93546 70006
76548 36496
34305 76110
41387 83065
34672 41022
58476 58711
29005 69515
37799 52096
97401 47938
31886 20817
96129 20185
36465 31506
71417 89852
24968 75827
70651 13521
588820 997590
882836 817425
411062 575141
448894 48510
687452 603965
351337 767607
420098 826497
651164 783010
257059 271890
233065 116024
328979 574967
83240 674543
992870 217506
770671 24417
607382 48450
896853 865599
924733 937328
369588 952823
826311 532391
412858 406476
196708 745093
234212 23373
329239 665978
598332 352886
649932 433235
946915 933529
588219 256988
313258 464297
578003 484370
298487 781495
723769 564215
884399 558668
800861 456678
675171 980244
496126 496216
856333 966369
663260 182632
696734 102692
741252 299377
36550 807620
787280 676704
851775 452622
568310 137104
717406 575885
447955 515921
52333 636613
901235 368639
830173 43570
828389 422383
532569 450387
162230 271231
682091 964266
804493 838596
693007 110219
155187 708022
205785 539828
97714 625884
440528 787146
777359 491531
528207 62904
152399 597851
16772 39204
330864 701612
851984 593546
70088 446917
863802 307520
767106 102639
735283 179389
795869 126415
978488 940206
433177 877195
122894 262681
792409 602554
117478 199089
271044 602853
913989 976215
94717 270863
933327 461895
414867 81786
323359 552602
591016 912921
154741 479217
194064 80988
438287 340541
706907 683627
157015 433784
142994 76715
6060 840682
977622 259042
538584 672388
419336 852643
582345 640217
62425 163672
237552 530839
760975 316718
720744 960128
377787 116195
273957 705002
90747 701520
171335 688330
